                          生产效率表
         机器1  机器2  机器3  机器4  机器5  机器6  机器7  机器8        
模具1     200    200    200    200     0      0      0      0
模具2      0      0      0      0     250    250    250    250
模具3      0      0     300    300    300    300     0      0
模具4     350    350    350    350     0      0      0      0
模具5      0      0      0      0     400    400    400    400
模具6     200    200    200    200     0      0      0      0
模具7      0      0      0      0     250    250    250    250
模具8      0      0     300    300    300    300     0      0
模具9     350    350    350    350     0      0      0      0
模具10     0      0      0      0     400    400    400    400
模具11    200    200    200    200     0      0      0      0 
模具12     0      0      0      0     250    250    250    250
模具13     0      0     300    300    300    300     0      0 
模具14    350    350    350    350     0      0      0      0
模具15     0      0      0      0     400    400    400    400
模具16     0      0     200    200    200    200     0      0 

 机器    
锁模力    100    100    100    100    100    100    100    100